1528
1528
1528
1528
1528
1528
1528
1528
1528
1528
1528
1528
1536
1538
1520
1528
1528
1528
1528
1528
1528
1528
1528
1528
1528
1528
1528
1528
1528
1528
1528
1528
1323
1581
1534
1539
1531
1528
1531
1534
1525
1542
1520
1531
1528
1532
1525
1529
1533
1521
1540
1530
1528
1528
1528
1528
1528
1528
1107
2021
1555
1488
1519
1533
1526
1524
1524
1531
1526
1528
1527
1528
1523
1527
1526
1526
1523
1533
1520
1533
1516
1549
1528
1528
1528
1528
1727
1438
1524
1524
1525
1528
1529
1525
1527
1531
1525
1531
1526
1527
1527
1526
1523
1526
1523
1523
1525
1525
1534
1523
1540
1528
1528
1559
1514
1525
1532
1528
1527
1526
1530
1526
1527
1527
1528
1530
1526
1530
1527
1528
1528
1530
1528
1530
1527
1525
1525
1526
1516
1595
1528
1528
1482
1524
1528
1526
1530
1527
1527
1527
1527
1528
1527
1530
1528
1529
1529
1529
1527
1529
1527
1527
1526
1525
1527
1527
1523
1483
1528
1400
1537
1529
1529
1527
1529
1527
1529
1527
1527
1528
1528
1529
1528
1528
1529
1528
1529
1528
1528
1529
1529
1526
1523
1527
1524
1524
0
1525
1512
1530
1528
1529
1528
1528
1527
1530
1527
1529
1529
1529
1530
1530
1528
1530
1529
1529
1527
1528
1528
1527
1523
1526
1527
1534
1918
1532
1530
1526
1528
1528
1530
1528
1528
1528
1528
1528
1529
1528
1529
1529
1531
1529
1529
1528
1530
1527
1529
1528
1522
1522
1527
1524
1496
1535
1526
1528
1527
1527
1528
1529
1529
1528
1529
1527
1528
1530
1530
1530
1528
1529
1529
1530
1529
1529
1526
1530
1527
1517
1528
1524
1549
1517
1528
1527
1528
1529
1528
1528
1527
1530
1528
1529
1529
1529
1529
1530
1529
1530
1530
1529
1532
1530
1530
1532
1524
1517
1520
1548
1509
1543
1525
1527
1528
1525
1528
1529
1529
1528
1529
1529
1527
1528
1526
1527
1527
1528
1529
1530
1529
1531
1529
1532
1534
1511
1529
1494
1535
1516
1524
1529
1524
1528
1529
1527
1529
1529
1529
1527
1529
1528
1524
1527
1526
1527
1526
1527
1530
1529
1530
1535
1532
1526
1512
1564
1547
1564
1529
1528
1528
1528
1527
1529
1527
1529
1529
1529
1527
1526
1526
1527
1527
1526
1526
1527
1526
1529
1533
1532
1523
1528
1534
1507
1511
1506
1525
1525
1521
1529
1530
1529
1529
1529
1531
1528
1526
1529
1525
1529
1526
1526
1527
1526
1529
1532
1528
1529
1530
1526
1525
1562
1507
1541
1529
1527
1531
1531
1526
1530
1530
1530
1530
1528
1527
1527
1525
1528
1526
1526
1527
1528
1530
1528
1528
1530
1527
1526
1527
1536
1436
1531
1543
1516
1529
1529
1530
1529
1530
1529
1529
1528
1525
1526
1526
1527
1526
1526
1528
1529
1529
1529
1525
1529
1529
1528
1525
1507
1528
1522
1519
1527
1529
1529
1530
1529
1528
1529
1529
1527
1528
1526
1525
1526
1527
1529
1528
1529
1528
1527
1531
1527
1528
1527
1537
1611
1517
1521
1541
1516
1528
1530
1528
1530
1530
1528
1528
1529
1527
1527
1527
1528
1528
1528
1528
1528
1527
1528
1528
1525
1532
1526
1519
1466
1472
1540
1524
1529
1528
1527
1529
1529
1529
1530
1528
1529
1529
1529
1528
1528
1528
1528
1528
1528
1529
1528
1528
1529
1527
1526
1530
1572
1528
1578
1533
1523
1527
1529
1527
1528
1529
1528
1529
1528
1529
1529
1528
1529
1527
1529
1527
1528
1527
1530
1527
1525
1529
1533
1523
1513
1546
1476
1527
1528
1531
1527
1528
1528
1528
1530
1529
1529
1528
1528
1528
1530
1529
1527
1529
1528
1528
1527
1529
1526
1529
1528
1541
1557
1546
1476
1527
1529
1522
1530
1530
1529
1529
1529
1528
1529
1529
1530
1529
1527
1528
1528
1526
1529
1526
1529
1529
1527
1529
1529
1546
1582
1528
1528
1535
1527
1525
1528
1525
1530
1527
1529
1528
1529
1530
1528
1530
1530
1529
1529
1527
1527
1528
1526
1529
1528
1529
1521
1497
1528
1528
1528
1494
1537
1529
1524
1532
1526
1528
1527
1528
1526
1528
1527
1527
1528
1528
1528
1530
1528
1530
1528
1523
1530
1521
1541
1752
1528
1528
1528
1557
1532
1528
1521
1525
1523
1525
1526
1525
1527
1525
1527
1526
1528
1527
1527
1527
1529
1525
1529
1535
1520
1519
1503
1314
1528
1528
1528
1528
1482
1541
1518
1529
1524
1526
1522
1526
1523
1527
1524
1526
1523
1526
1527
1524
1528
1529
1520
1525
1515
1632
1514
1528
1528
1528
1528
1528
1528
1569
1530
1509
1531
1522
1523
1526
1527
1521
1528
1521
1527
1526
1522
1526
1529
1523
1538
1511
1423
1528
1528
1528
1528
1544
1528
1528
1528
1528
1528
1528
1528
1528
1528
1528
1528
1528
1527
1527
1530
1528
1528
1528
1528
1528
1528
1528
1528
1528
1528
1528
1528
1528
1528
1528
1528
1528
800
1643
1494
1562
1517
1528
1531
1524
1531
1522
1529
1528
1523
1530
1520
1535
1520
1523
1525
1513
1528
1528
1528
1528
1528
1528
376
1418
1516
1578
1526
1523
1534
1523
1528
1526
1529
1530
1525
1529
1527
1528
1526
1527
1528
1526
1525
1534
1517
1552
1528
1528
1528
1528
2049
1544
1554
1540
1518
1530
1525
1528
1523
1531
1525
1527
1526
1528
1525
1527
1525
1524
1523
1521
1525
1524
1516
1533
1466
1528
1528
1545
1442
1521
1517
1525
1531
1525
1527
1527
1527
1527
1529
1529
1528
1529
1527
1530
1528
1531
1530
1530
1530
1529
1522
1526
1533
1432
1528
1528
1550
1535
1531
1529
1528
1527
1528
1528
1526
1527
1527
1528
1528
1529
1528
1528
1528
1529
1529
1530
1528
1528
1527
1521
1532
1516
1528
1391
1514
1527
1527
1526
1526
1528
1526
1526
1526
1528
1527
1528
1528
1527
1527
1527
1529
1528
1529
1527
1526
1529
1526
1526
1525
1521
2041
1505
1527
1523
1531
1529
1526
1529
1527
1528
1527
1527
1528
1529
1528
1528
1528
1529
1528
1529
1529
1528
1530
1527
1526
1528
1528
1518
1427
1535
1530
1530
1528
1528
1528
1527
1528
1527
1527
1527
1527
1530
1528
1529
1529
1530
1529
1528
1527
1528
1528
1527
1527
1523
1526
1536
1530
1529
1525
1527
1529
1526
1529
1529
1527
1528
1528
1527
1526
1529
1530
1529
1529
1528
1528
1528
1527
1528
1528
1527
1527
1524
1529
1510
1527
1528
1528
1528
1528
1528
1526
1529
1528
1528
1527
1527
1526
1528
1532
1531
1527
1529
1527
1528
1528
1527
1528
1528
1525
1528
1521
1534
1511
1521
1530
1526
1529
1529
1529
1527
1528
1527
1528
1527
1525
1526
1534
1531
1526
1527
1529
1528
1528
1529
1529
1529
1530
1518
1535
1515
1548
1533
1522
1531
1525
1527
1529
1529
1529
1528
1528
1527
1525
1524
1541
1528
1526
1527
1529
1528
1529
1528
1528
1529
1529
1533
1522
1569
1637
1509
1531
1522
1528
1528
1528
1528
1528
1528
1527
1528
1521
1528
1539
1527
1526
1526
1529
1529
1529
1528
1529
1530
1525
1518
1513
1520
1527
1542
1526
1535
1527
1528
1528
1528
1529
1527
1529
1526
1521
1536
1530
1531
1523
1528
1529
1528
1528
1529
1529
1527
1529
1530
1538
1579
1513
1522
1522
1526
1529
1527
1529
1528
1528
1528
1527
1526
1525
1533
1531
1530
1523
1529
1528
1528
1529
1528
1527
1528
1527
1529
1513
1508
1443
1521
1529
1527
1530
1529
1528
1527
1528
1528
1528
1526
1526
1532
1533
1527
1525
1528
1528
1528
1528
1528
1530
1529
1528
1523
1529
1533
1528
1592
1519
1523
1526
1528
1528
1530
1528
1526
1530
1526
1528
1531
1531
1527
1528
1527
1527
1528
1528
1529
1528
1528
1527
1527
1524
1490
1519
1490
1531
1529
1527
1528
1527
1528
1529
1527
1527
1529
1530
1530
1529
1528
1527
1528
1528
1528
1529
1528
1527
1528
1527
1524
1523
1567
1879
1529
1525
1529
1527
1528
1527
1527
1527
1528
1527
1529
1528
1532
1528
1528
1528
1526
1528
1528
1528
1529
1529
1528
1528
1528
1533
1518
1528
1511
1523
1525
1527
1525
1528
1527
1527
1528
1529
1529
1528
1528
1530
1527
1528
1528
1528
1529
1528
1528
1528
1529
1524
1530
1527
1539
1608
1541
1527
1530
1527
1528
1527
1528
1529
1529
1530
1528
1528
1529
1530
1529
1528
1528
1527
1527
1528
1529
1529
1527
1527
1523
1519
1549
1606
1431
1525
1530
1525
1530
1527
1528
1527
1528
1527
1527
1526
1526
1529
1530
1528
1528
1527
1529
1528
1527
1526
1532
1528
1542
1553
1567
1528
1528
1528
1523
1525
1527
1529
1529
1529
1530
1529
1528
1528
1528
1528
1530
1532
1531
1527
1528
1528
1528
1529
1525
1528
1523
1566
1528
1528
1528
1529
1527
1519
1532
1531
1527
1526
1528
1527
1527
1528
1527
1527
1528
1526
1528
1531
1529
1527
1528
1530
1527
1516
1541
2137
1528
1528
1528
1531
1532
1532
1516
1522
1520
1525
1524
1526
1526
1527
1527
1527
1524
1526
1526
1526
1528
1527
1530
1526
1530
1535
1507
974
1528
1528
1528
1528
1487
1513
1525
1530
1527
1527
1527
1529
1528
1529
1527
1528
1529
1528
1527
1528
1526
1526
1526
1518
1537
1573
1482
1528
1528
1528
1528
1528
1528
1493
1533
1527
1526
1528
1530
1522
1530
1524
1528
1524
1527
1527
1527
1523
1534
1526
1534
1507
1592
1528
1528
1528
1528
1553
1528
1528
1528
1528
1528
1528
1528
1528
1528
1528
1528
1528
1507
1535
1587
1531
1528
1528
1528
1528
1528
1528
1528
1528
1528
1528
1528
1528
1528
1528
1528
1528
774
1817
1495
1523
1525
1513
1522
1527
1521
1518
1532
1513
1551
1515
1528
1521
1527
1526
1529
1514
1528
1528
1528
1528
1528
1528
1067
1449
1505
1553
1531
1526
1516
1531
1517
1523
1523
1517
1521
1525
1520
1523
1523
1522
1527
1524
1523
1535
1535
1563
1528
1528
1528
1528
1730
1543
1525
1527
1523
1531
1529
1531
1533
1526
1533
1531
1528
1527
1529
1528
1525
1527
1524
1528
1524
1520
1524
1542
1506
1528
1528
1395
1452
1522
1513
1528
1534
1531
1524
1532
1529
1529
1531
1530
1531
1528
1532
1528
1530
1527
1528
1526
1525
1527
1523
1526
1544
1436
1528
1528
1532
1527
1528
1531
1523
1530
1528
1530
1529
1530
1529
1530
1529
1529
1528
1530
1528
1528
1528
1529
1530
1527
1528
1526
1528
1546
1528
1471
1529
1527
1525
1528
1529
1529
1529
1529
1530
1528
1530
1528
1528
1530
1529
1529
1529
1529
1528
1528
1528
1526
1529
1528
1529
1536
1992
1497
1537
1529
1529
1529
1530
1527
1528
1527
1528
1529
1528
1529
1528
1527
1529
1527
1528
1528
1527
1529
1531
1526
1529
1529
1528
1519
1411
1537
1531
1524
1526
1526
1529
1527
1529
1528
1528
1527
1528
1528
1530
1528
1527
1529
1528
1528
1529
1529
1528
1528
1526
1528
1533
1528
1554
1522
1527
1528
1531
1531
1525
1527
1527
1527
1528
1528
1527
1528
1528
1529
1529
1528
1528
1528
1527
1526
1530
1528
1525
1530
1525
1532
1507
1529
1526
1530
1524
1529
1531
1527
1528
1528
1527
1528
1527
1527
1529
1527
1528
1529
1529
1528
1529
1529
1527
1528
1530
1521
1538
1513
1537
1525
1525
1532
1529
1531
1526
1528
1527
1527
1527
1527
1526
1525
1525
1528
1529
1528
1528
1529
1527
1528
1530
1529
1530
1527
1511
1546
1502
1529
1536
1525
1533
1526
1526
1527
1528
1527
1527
1525
1526
1526
1523
1528
1528
1527
1528
1530
1529
1529
1528
1523
1529
1532
1553
1428
1507
1515
1526
1536
1527
1528
1526
1526
1526
1527
1526
1526
1527
1527
1529
1527
1528
1529
1528
1528
1528
1526
1524
1526
1529
1539
1567
1614
1544
1518
1543
1516
1529
1524
1527
1528
1528
1527
1528
1529
1529
1527
1528
1527
1529
1528
1529
1528
1529
1527
1527
1528
1520
1524
1585
1483
1545
1552
1525
1539
1526
1532
1527
1527
1528
1528
1528
1529
1528
1530
1528
1527
1529
1528
1528
1529
1525
1527
1528
1524
1530
1529
1544
1581
1593
1448
1496
1524
1527
1527
1530
1528
1528
1530
1529
1529
1531
1530
1527
1529
1530
1530
1528
1528
1528
1529
1526
1531
1526
1541
1565
1526
1528
1506
1541
1537
1530
1530
1530
1529
1528
1529
1526
1529
1529
1529
1529
1532
1528
1529
1529
1528
1528
1528
1529
1525
1527
1548
1542
1629
1556
1522
1508
1531
1531
1533
1530
1529
1530
1527
1530
1527
1530
1532
1531
1530
1530
1530
1529
1529
1530
1529
1529
1534
1539
1534
1524
1573
1340
1540
1520
1526
1525
1529
1529
1532
1528
1531
1530
1529
1529
1530
1530
1530
1528
1529
1529
1529
1528
1529
1531
1530
1530
1549
1545
1489
1528
1498
1531
1526
1535
1529
1531
1530
1530
1530
1528
1530
1527
1527
1528
1529
1530
1529
1530
1530
1531
1530
1529
1533
1543
1513
1526
1568
1503
1570
1518
1531
1526
1529
1528
1529
1528
1530
1528
1529
1527
1527
1526
1527
1528
1530
1529
1531
1528
1532
1530
1535
1530
1545
1550
1523
1504
1547
1528
1527
1534
1530
1531
1530
1531
1530
1529
1528
1528
1527
1527
1527
1528
1528
1531
1529
1534
1530
1534
1528
1530
1522
1463
1518
1528
1528
1520
1534
1526
1528
1528
1528
1526
1526
1526
1527
1526
1527
1527
1527
1527
1525
1526
1529
1528
1535
1529
1534
1520
1545
1550
1528
1528
1528
1582
1515
1528
1527
1527
1527
1529
1529
1529
1529
1530
1529
1530
1529
1528
1527
1528
1523
1524
1520
1533
1513
1562
1567
1323
1528
1528
1528
1330
1524
1528
1523
1529
1527
1528
1528
1530
1528
1529
1529
1529
1529
1529
1530
1529
1528
1529
1526
1518
1528
1484
1364
1874
1528
1528
1528
1528
1584
1528
1527
1531
1526
1528
1530
1528
1529
1528
1529
1529
1528
1529
1530
1529
1531
1531
1530
1545
1520
1680
1473
1528
1528
1528
1528
1528
1528
1471
1541
1530
1524
1539
1529
1533
1526
1530
1530
1531
1528
1530
1529
1526
1543
1515
1542
1513
1563
1528
1528
1528
1528
1533
1528
1528
1528
1528
1528
1528
1528
1528
1528
1528
1528
1528
1517
1515
1542
1529
1528
1528
1528
1528
1528
1528
1528
1528
1528
1528
1528
1528
1528
1528
1528
1528
745
1861
1491
1547
1525
1538
1532
1526
1535
1528
1532
1529
1532
1526
1536
1531
1523
1526
1553
1537
1528
1528
1528
1528
1528
1528
3044
1819
1547
1451
1526
1538
1525
1533
1530
1534
1527
1533
1530
1530
1531
1533
1530
1532
1530
1527
1533
1526
1533
1529
1528
1528
1528
1528
840
1546
1450
1565
1513
1528
1525
1525
1524
1527
1531
1526
1531
1529
1529
1530
1531
1529
1531
1534
1526
1538
1521
1542
1522
1528
1528
1616
1720
1540
1540
1528
1529
1528
1529
1530
1530
1530
1528
1529
1527
1529
1528
1529
1530
1528
1530
1525
1533
1522
1534
1534
1528
1550
1528
1528
1535
1533
1526
1534
1531
1530
1529
1528
1531
1530
1530
1530
1529
1528
1529
1526
1527
1528
1526
1526
1527
1530
1526
1532
1527
1518
1528
2382
1540
1547
1534
1526
1531
1528
1532
1531
1531
1531
1529
1530
1529
1529
1530
1527
1529
1526
1528
1528
1528
1527
1529
1529
1533
1529
843
1605
1507
1533
1531
1528
1530
1528
1529
1528
1528
1528
1529
1528
1529
1529
1528
1529
1527
1529
1529
1527
1527
1531
1525
1530
1533
1527
1645
1519
1518
1530
1532
1531
1527
1527
1526
1528
1527
1528
1529
1528
1528
1528
1528
1528
1530
1529
1528
1529
1530
1526
1529
1529
1528
1541
1487
1539
1526
1524
1531
1526
1530
1528
1526
1526
1527
1527
1528
1527
1528
1529
1529
1529
1529
1528
1530
1527
1529
1530
1526
1529
1536
1520
1549
1522
1522
1534
1526
1530
1526
1527
1528
1526
1526
1526
1527
1528
1530
1530
1531
1528
1529
1529
1528
1530
1528
1527
1534
1529
1530
1551
1518
1531
1526
1533
1528
1525
1529
1525
1526
1526
1525
1526
1527
1528
1531
1532
1530
1530
1528
1529
1529
1526
1528
1528
1527
1532
1530
1543
1536
1531
1525
1522
1530
1528
1525
1527
1527
1528
1529
1528
1529
1529
1532
1529
1530
1528
1528
1528
1528
1527
1528
1527
1528
1538
1531
1500
1482
1483
1537
1528
1523
1528
1529
1528
1528
1527
1528
1529
1533
1529
1528
1526
1531
1529
1529
1527
1529
1528
1526
1529
1530
1525
1534
1549
1471
1594
1510
1530
1531
1528
1527
1528
1529
1530
1528
1527
1531
1525
1530
1527
1531
1530
1531
1529
1527
1529
1528
1527
1531
1531
1510
1447
1508
1467
1532
1518
1529
1531
1531
1528
1527
1527
1527
1527
1530
1527
1528
1529
1530
1529
1528
1529
1530
1528
1530
1530
1528
1527
1529
1523
1517
1670
1569
1540
1528
1530
1525
1529
1528
1529
1527
1527
1528
1527
1528
1527
1528
1529
1532
1529
1529
1531
1528
1527
1532
1528
1524
1525
1528
1546
1525
1532
1530
1526
1527
1527
1529
1527
1527
1526
1528
1527
1527
1527
1527
1529
1528
1531
1529
1529
1530
1531
1526
1524
1526
1511
1443
1545
1537
1536
1526
1527
1528
1527
1527
1527
1526
1527
1526
1527
1526
1528
1530
1529
1530
1530
1528
1529
1530
1529
1525
1527
1524
1554
1677
1490
1545
1533
1531
1530
1527
1528
1528
1527
1528
1525
1527
1526
1527
1528
1529
1530
1528
1530
1529
1529
1528
1526
1526
1526
1528
1492
1528
1558
1522
1542
1531
1529
1529
1528
1528
1528
1527
1529
1527
1527
1528
1528
1528
1529
1530
1527
1530
1528
1527
1528
1525
1531
1525
1511
1513
1519
1537
1530
1530
1530
1530
1527
1530
1526
1529
1526
1528
1529
1527
1529
1529
1527
1529
1529
1528
1527
1525
1525
1525
1533
1524
1517
1514
1469
1540
1531
1532
1524
1528
1528
1528
1529
1529
1529
1529
1528
1529
1529
1529
1531
1527
1528
1529
1527
1524
1533
1524
1527
1530
1507
1528
1528
1544
1526
1540
1531
1531
1532
1528
1531
1530
1530
1529
1530
1527
1528
1526
1526
1533
1529
1526
1527
1527
1522
1536
1529
1562
1528
1528
1528
1493
1565
1529
1535
1532
1531
1532
1529
1530
1531
1528
1530
1529
1528
1530
1529
1522
1527
1524
1533
1530
1535
1528
1512
1420
1528
1528
1528
1782
1476
1526
1529
1531
1525
1530
1529
1529
1528
1530
1528
1530
1528
1528
1526
1529
1528
1530
1525
1526
1534
1536
1546
1705
1528
1528
1528
1528
1514
1520
1528
1524
1530
1527
1527
1527
1526
1525
1527
1524
1526
1527
1528
1527
1526
1535
1530
1530
1532
1331
1531
1528
1528
1528
1528
1528
1528
1520
1534
1530
1529
1530
1527
1530
1528
1531
1527
1530
1528
1528
1528
1532
1520
1531
1516
1557
1447
1528
1528
1528
1528
1530
1528
1528
1528
1528
1528
1528
1528
1528
1528
1528
1528
1528
1524
1519
1529
1528
1528
1528
1528
1528
1528
1528
1528
1528
1528
1528
1528
1528
1528
1528
1528
1528
934
1730
1494
1521
1521
1527
1523
1530
1523
1522
1528
1527
1520
1525
1523
1521
1524
1529
1494
1497
1528
1528
1528
1528
1528
1528
998
1228
1480
1590
1504
1513
1514
1521
1515
1518
1516
1520
1521
1524
1522
1525
1524
1527
1525
1524
1526
1519
1531
1513
1528
1528
1528
1528
1750
1538
1521
1509
1542
1517
1527
1528
1523
1528
1527
1523
1525
1524
1526
1525
1525
1526
1526
1525
1525
1533
1504
1553
1464
1528
1528
1460
1495
1478
1533
1528
1529
1528
1532
1527
1525
1528
1529
1527
1528
1526
1528
1527
1527
1527
1529
1526
1530
1527
1531
1526
1517
1484
1528
1528
1503
1536
1524
1527
1532
1531
1526
1532
1527
1526
1526
1527
1529
1529
1530
1529
1529
1528
1528
1529
1526
1533
1523
1529
1512
1504
1528
1742
1507
1526
1531
1527
1526
1529
1528
1528
1528
1527
1527
1525
1524
1526
1525
1526
1525
1528
1529
1528
1530
1531
1530
1524
1531
1525
2156
1523
1536
1523
1527
1529
1528
1529
1529
1528
1528
1528
1526
1527
1526
1525
1527
1528
1528
1529
1528
1529
1529
1530
1525
1525
1525
1530
1397
1535
1526
1535
1530
1531
1527
1530
1527
1531
1528
1529
1527
1526
1526
1526
1526
1527
1529
1528
1529
1528
1528
1527
1529
1521
1526
1527
1385
1521
1532
1524
1528
1529
1529
1528
1528
1528
1528
1527
1528
1527
1525
1527
1528
1529
1529
1528
1529
1529
1529
1528
1523
1523
1527
1516
1621
1530
1533
1528
1529
1527
1527
1531
1527
1529
1528
1527
1529
1528
1527
1528
1527
1530
1527
1529
1528
1529
1529
1526
1531
1527
1513
1559
1492
1533
1517
1531
1529
1529
1528
1525
1528
1527
1529
1530
1530
1527
1527
1529
1532
1529
1529
1529
1528
1528
1527
1527
1523
1521
1537
1523
1571
1505
1542
1532
1524
1526
1527
1528
1528
1529
1529
1530
1528
1531
1525
1529
1530
1530
1529
1528
1527
1527
1527
1529
1533
1527
1515
1548
1536
1552
1521
1521
1524
1526
1529
1529
1529
1530
1531
1529
1526
1530
1525
1529
1529
1531
1528
1527
1528
1529
1529
1527
1525
1528
1528
1496
1521
1511
1512
1524
1535
1532
1533
1531
1530
1529
1530
1528
1529
1528
1526
1528
1529
1531
1528
1531
1531
1529
1530
1530
1528
1529
1513
1595
1501
1498
1537
1535
1532
1531
1531
1531
1531
1529
1528
1530
1530
1527
1530
1528
1530
1530
1529
1530
1528
1528
1529
1531
1527
1514
1558
1506
1384
1591
1521
1525
1528
1530
1530
1529
1530
1528
1529
1529
1531
1528
1529
1531
1531
1531
1531
1529
1529
1529
1529
1527
1528
1532
1516
1559
1528
1517
1544
1519
1526
1527
1529
1529
1528
1529
1528
1529
1529
1530
1531
1530
1529
1527
1529
1527
1526
1528
1525
1529
1524
1528
1533
1459
1394
1574
1532
1527
1525
1528
1527
1528
1529
1529
1526
1525
1529
1529
1528
1528
1528
1526
1526
1527
1528
1527
1528
1527
1532
1532
1543
1520
1875
1473
1527
1535
1528
1528
1527
1528
1527
1526
1526
1525
1525
1530
1530
1529
1528
1529
1528
1529
1528
1530
1525
1529
1529
1526
1536
1533
1528
1527
1529
1523
1527
1527
1528
1528
1527
1527
1527
1527
1527
1527
1529
1529
1530
1529
1528
1528
1529
1528
1530
1525
1530
1532
1526
1491
1508
1555
1527
1527
1528
1528
1528
1527
1528
1528
1528
1528
1528
1528
1528
1529
1527
1529
1529
1528
1528
1528
1527
1530
1529
1524
1526
1540
1508
1528
1529
1531
1532
1527
1528
1528
1527
1527
1527
1528
1527
1529
1527
1529
1528
1529
1527
1530
1525
1529
1528
1527
1530
1532
1535
1549
1528
1528
1522
1526
1528
1525
1527
1527
1527
1528
1528
1528
1527
1527
1527
1529
1528
1529
1530
1527
1530
1528
1525
1530
1533
1509
1557
1528
1528
1528
1530
1532
1525
1525
1529
1527
1529
1527
1528
1529
1527
1527
1528
1527
1528
1529
1530
1535
1530
1536
1527
1519
1517
1569
1523
1528
1528
1528
1437
1539
1537
1524
1530
1528
1526
1526
1524
1523
1522
1523
1525
1522
1521
1516
1515
1512
1519
1502
1531
1525
1515
1420
1538
1528
1528
1528
1528
1580
1513
1527
1525
1523
1522
1521
1523
1521
1525
1521
1518
1523
1517
1526
1522
1526
1516
1534
1516
1510
1293
1505
1528
1528
1528
1528
1528
1528
1605
1496
1538
1518
1529
1531
1520
1532
1526
1532
1527
1531
1531
1533
1532
1530
1537
1531
1503
1545
1528
1528
1528
1528
1549
1528
1528
1528
1528
1528
1528
1528
1528
1528
1528
1528
1528
1518
1526
1551
1529
1528
1528
1528
1528
1528
1528
1528
1528
1528
1528
1528
1528
1528
1528
1528
1528
349
1950
1515
1506
1522
1533
1526
1524
1537
1520
1531
1528
1529
1528
1533
1520
1532
1527
1562
1495
1528
1528
1528
1528
1528
1528
808
1512
1504
1547
1553
1524
1533
1533
1531
1527
1527
1527
1527
1526
1527
1528
1526
1527
1526
1524
1528
1527
1521
1553
1528
1528
1528
1528
1856
1525
1566
1514
1536
1525
1536
1527
1534
1525
1531
1529
1528
1527
1527
1525
1528
1525
1526
1523
1525
1515
1513
1526
1474
1528
1528
1499
1445
1532
1525
1530
1526
1530
1524
1529
1529
1528
1527
1526
1529
1527
1529
1527
1529
1528
1525
1532
1526
1539
1536
1527
1546
1299
1528
1528
1498
1530
1530
1524
1525
1528
1529
1528
1529
1529
1527
1527
1527
1527
1527
1529
1528
1528
1532
1530
1534
1532
1531
1531
1545
1571
1528
1520
1537
1522
1525
1530
1528
1527
1526
1528
1528
1528
1528
1527
1530
1528
1528
1528
1529
1530
1530
1529
1531
1532
1542
1531
1536
1536
1547
1520
1529
1524
1527
1526
1528
1529
1529
1528
1530
1530
1528
1528
1529
1526
1529
1528
1529
1529
1527
1530
1528
1529
1540
1541
1527
1539
1540
1533
1530
1531
1523
1531
1526
1528
1530
1528
1528
1530
1528
1527
1528
1529
1528
1529
1527
1528
1530
1529
1526
1532
1541
1544
1532
1514
1531
1521
1529
1529
1528
1528
1529
1528
1530
1529
1528
1531
1528
1528
1527
1527
1527
1528
1528
1528
1526
1529
1530
1526
1541
1554
1519
1559
1535
1523
1534
1527
1529
1529
1527
1528
1529
1530
1528
1531
1530
1529
1527
1527
1527
1525
1526
1525
1526
1525
1524
1524
1533
1558
1552
1458
1509
1526
1528
1526
1530
1529
1529
1530
1528
1530
1529
1529
1529
1530
1528
1525
1527
1526
1525
1525
1524
1524
1523
1525
1513
1564
1528
1587
1553
1514
1522
1528
1529
1529
1531
1529
1530
1528
1530
1531
1530
1530
1528
1528
1527
1527
1528
1526
1528
1526
1524
1521
1520
1514
1554
1467
1515
1551
1525
1525
1531
1532
1530
1530
1529
1530
1529
1530
1530
1528
1528
1527
1528
1527
1528
1529
1528
1527
1529
1527
1535
1531
1515
1528
1681
1497
1525
1534
1529
1529
1527
1527
1527
1528
1529
1528
1530
1528
1528
1529
1528
1526
1528
1527
1528
1527
1526
1527
1532
1526
1526
1516
1556
1555
1524
1520
1527
1524
1527
1527
1528
1528
1528
1527
1529
1527
1526
1528
1528
1527
1529
1528
1528
1528
1529
1528
1529
1528
1525
1528
1399
1492
1530
1536
1528
1527
1526
1526
1528
1528
1527
1527
1529
1529
1528
1529
1526
1528
1528
1529
1528
1527
1531
1528
1528
1526
1524
1516
1528
1533
1518
1530
1530
1527
1530
1527
1528
1527
1527
1527
1527
1528
1527
1528
1529
1529
1530
1529
1529
1530
1525
1529
1531
1524
1528
1517
1507
1518
1521
1527
1532
1528
1531
1527
1527
1528
1526
1525
1528
1527
1529
1528
1529
1530
1528
1528
1529
1528
1530
1528
1529
1526
1529
1518
1619
1529
1529
1528
1528
1529
1532
1529
1530
1527
1529
1528
1528
1529
1528
1530
1528
1528
1529
1527
1530
1529
1528
1528
1531
1523
1522
1532
1528
1519
1527
1528
1528
1529
1531
1528
1529
1530
1530
1530
1527
1529
1526
1528
1528
1529
1529
1530
1529
1526
1530
1531
1525
1529
1531
1615
1545
1538
1526
1530
1528
1528
1528
1530
1530
1529
1528
1529
1528
1527
1529
1527
1527
1529
1527
1527
1528
1533
1528
1531
1527
1526
1524
1536
1544
1486
1529
1523
1529
1529
1526
1527
1528
1530
1528
1529
1528
1529
1527
1529
1530
1527
1532
1530
1530
1527
1533
1525
1531
1524
1528
1543
1528
1528
1525
1526
1529
1532
1527
1526
1529
1527
1529
1529
1528
1528
1530
1527
1529
1528
1526
1528
1531
1529
1523
1539
1515
1553
1543
1528
1528
1528
1498
1530
1528
1528
1528
1531
1526
1532
1527
1528
1529
1528
1529
1528
1526
1528
1529
1526
1527
1526
1533
1516
1536
1499
1031
1528
1528
1528
1636
1552
1533
1531
1526
1532
1527
1529
1529
1530
1529
1530
1527
1528
1529
1528
1527
1530
1522
1531
1528
1532
1581
1570
1983
1528
1528
1528
1528
1458
1529
1535
1525
1530
1527
1528
1528
1528
1527
1527
1527
1528
1526
1527
1525
1526
1533
1522
1529
1539
1112
1558
1528
1528
1528
1528
1528
1528
1618
1514
1539
1523
1536
1531
1530
1531
1529
1526
1530
1523
1528
1525
1525
1528
1525
1517
1521
1535
1528
1528
1528
1528
1547
1528
1528
1528
1528
1528
1528
1528
1528
1528
1528
1528
1528
1566
1542
1451
1525
1528
1528
1528
1528
1528
1528
1528
1528
1528
1528
1528
1528
1528
1528
1528
1528
4095
685
1626
1506
1551
1537
1534
1529
1540
1543
1521
1544
1517
1545
1539
1544
1538
1549
1526
1583
1528
1528
1528
1528
1528
1528
2303
1137
1567
1510
1540
1543
1546
1526
1555
1533
1550
1545
1546
1535
1547
1535
1540
1536
1534
1538
1539
1542
1519
1515
1528
1528
1528
1528
1189
1644
1527
1520
1537
1532
1527
1530
1531
1530
1525
1529
1532
1535
1533
1537
1540
1541
1542
1542
1541
1535
1574
1483
1710
1528
1528
1493
1538
1511
1535
1531
1521
1528
1528
1525
1529
1525
1527
1526
1528
1527
1527
1529
1527
1528
1528
1527
1529
1530
1523
1536
1496
1794
1528
1528
1582
1521
1531
1525
1530
1525
1531
1525
1530
1525
1529
1525
1528
1527
1528
1527
1528
1527
1528
1527
1527
1527
1531
1525
1528
1558
1528
1471
1534
1524
1528
1529
1526
1530
1528
1529
1528
1527
1528
1527
1528
1527
1527
1528
1527
1526
1526
1527
1527
1527
1525
1530
1526
1524
1490
1536
1530
1527
1530
1527
1527
1529
1527
1529
1528
1527
1528
1527
1527
1528
1527
1527
1526
1527
1528
1528
1526
1527
1529
1526
1528
1533
1537
1532
1524
1533
1525
1529
1527
1528
1528
1528
1527
1529
1527
1528
1527
1527
1527
1527
1527
1527
1526
1527
1527
1529
1526
1529
1526
1513
1530
1529
1534
1525
1529
1526
1529
1529
1528
1528
1528
1528
1529
1528
1528
1526
1527
1526
1526
1527
1527
1528
1527
1528
1527
1530
1527
1533
1521
1534
1524
1530
1529
1527
1528
1528
1528
1527
1528
1527
1528
1530
1527
1527
1526
1526
1527
1525
1527
1525
1526
1526
1526
1526
1530
1497
1529
1522
1533
1528
1529
1529
1529
1528
1528
1529
1528
1528
1528
1530
1528
1525
1528
1527
1527
1527
1527
1529
1526
1527
1525
1529
1521
1584
1539
1533
1526
1528
1527
1528
1528
1529
1528
1529
1526
1529
1530
1528
1527
1528
1528
1528
1528
1528
1528
1529
1531
1528
1529
1526
1506
1524
1495
1525
1530
1528
1528
1530
1530
1528
1529
1528
1530
1529
1530
1528
1527
1530
1528
1528
1529
1529
1528
1531
1528
1533
1535
1527
1503
1525
1491
1520
1531
1535
1528
1528
1528
1529
1528
1529
1527
1532
1528
1526
1529
1527
1530
1528
1528
1529
1528
1527
1532
1530
1529
1530
1505
1507
1516
1527
1525
1528
1524
1527
1529
1528
1528
1529
1529
1530
1528
1527
1530
1529
1529
1529
1528
1527
1529
1532
1527
1530
1528
1540
1508
1531
1528
1546
1537
1527
1531
1528
1528
1530
1526
1530
1529
1531
1526
1527
1529
1528
1527
1527
1528
1528
1529
1528
1531
1525
1532
1523
1521
1517
1528
1521
1530
1525
1525
1527
1528
1527
1530
1528
1531
1530
1526
1528
1529
1527
1527
1528
1529
1530
1531
1528
1529
1530
1526
1526
1514
1486
1516
1536
1532
1532
1531
1527
1526
1529
1528
1530
1531
1532
1530
1527
1528
1528
1529
1529
1531
1529
1527
1530
1527
1532
1521
1528
1528
1535
1536
1518
1530
1524
1528
1529
1529
1527
1529
1528
1531
1534
1532
1528
1527
1528
1529
1530
1528
1529
1529
1528
1527
1526
1528
1526
1508
1501
1528
1542
1527
1533
1529
1528
1528
1528
1528
1527
1529
1528
1532
1531
1530
1529
1529
1527
1529
1527
1527
1528
1527
1528
1523
1529
1542
1524
1544
1495
1533
1530
1528
1530
1527
1528
1528
1527
1528
1529
1530
1532
1532
1530
1529
1531
1529
1529
1528
1527
1527
1528
1530
1526
1531
1516
1543
1643
1526
1527
1527
1526
1527
1527
1528
1529
1529
1526
1528
1528
1529
1530
1529
1530
1529
1527
1529
1528
1527
1528
1532
1521
1546
1506
1528
1528
1534
1529
1532
1533
1532
1532
1531
1530
1530
1529
1528
1527
1526
1527
1528
1528
1529
1530
1529
1528
1534
1525
1524
1529
1498
1528
1528
1528
1514
1530
1528
1527
1527
1529
1527
1528
1529
1529
1529
1530
1529
1529
1529
1528
1527
1528
1526
1528
1526
1530
1522
1549
1303
1528
1528
1528
1528
1525
1535
1530
1531
1530
1531
1529
1529
1530
1529
1528
1528
1529
1528
1530
1528
1529
1530
1530
1531
1525
1539
1516
1723
1528
1528
1528
1528
1434
1523
1532
1527
1533
1529
1531
1531
1531
1531
1531
1531
1530
1531
1529
1529
1530
1527
1530
1528
1526
1543
1523
1528
1528
1528
1528
1528
1528
1532
1531
1530
1532
1527
1531
1527
1531
1528
1530
1528
1530
1528
1531
1531
1525
1537
1523
1518
1595
1528
1528
1528
1528
1535
1528
1528
1528
1528
1528
1528
1528
1528
1528
1528
1528
1528
1534
1531
1517
1528
1528
1528
1528
1528
1528
1528
1528
1528
1528
1528
1528
1528
1528
1528
1528
1528
2079
1339
1513
1525
1532
1525
1532
1527
1520
1535
1522
1530
1522
1527
1532
1524
1535
1529
1541
1507
1528
1528
1528
1528
1528
1528
2046
1504
1526
1545
1532
1523
1528
1530
1524
1531
1527
1529
1530
1530
1528
1530
1527
1531
1528
1531
1526
1537
1518
1561
1528
1528
1528
1528
1330
1509
1502
1528
1532
1533
1526
1530
1530
1527
1530
1529
1529
1531
1532
1530
1531
1531
1531
1530
1531
1526
1532
1536
1532
1528
1528
1502
1586
1587
1525
1524
1529
1529
1530
1529
1529
1530
1528
1528
1529
1527
1528
1529
1528
1529
1528
1531
1526
1530
1525
1529
1528
1539
1528
1528
1505
1525
1526
1533
1528
1526
1529
1527
1529
1527
1529
1528
1528
1529
1529
1529
1530
1529
1530
1529
1530
1530
1532
1530
1531
1513
1528
1281
1570
1521
1528
1528
1530
1530
1530
1528
1529
1528
1528
1528
1529
1528
1529
1528
1527
1528
1527
1530
1529
1527
1529
1528
1526
1516
1735
1527
1530
1539
1530
1531
1532
1528
1529
1531
1530
1529
1530
1528
1527
1526
1527
1528
1529
1529
1530
1529
1529
1528
1530
1526
1531
1534
1423
1547
1545
1525
1526
1525
1528
1532
1530
1530
1531
1531
1529
1529
1529
1529
1528
1529
1528
1528
1528
1528
1529
1530
1526
1528
1530
1514
1697
1517
1539
1531
1531
1533
1527
1528
1530
1530
1529
1530
1532
1531
1531
1531
1531
1530
1529
1529
1528
1529
1528
1528
1528
1526
1525
1543
1454
1554
1522
1530
1531
1530
1529
1530
1528
1528
1528
1528
1528
1530
1530
1530
1531
1530
1529
1530
1529
1528
1530
1529
1528
1527
1531
1548
1577
1521
1547
1529
1530
1526
1531
1527
1527
1528
1528
1528
1528
1529
1528
1529
1529
1530
1530
1528
1529
1528
1531
1527
1531
1523
1521
1454
1514
1565
1531
1539
1535
1530
1525
1529
1528
1527
1527
1528
1527
1527
1525
1528
1529
1529
1529
1528
1528
1527
1527
1527
1523
1532
1534
1622
1503
1489
1543
1535
1528
1525
1529
1526
1527
1527
1528
1527
1527
1528
1524
1529
1528
1530
1527
1528
1529
1529
1527
1526
1531
1528
1524
1489
1507
1549
1556
1523
1530
1528
1525
1528
1528
1526
1526
1526
1528
1526
1525
1528
1529
1528
1528
1530
1528
1527
1530
1530
1528
1532
1526
1604
1594
1520
1533
1539
1524
1526
1529
1527
1526
1527
1528
1527
1528
1524
1528
1528
1529
1529
1529
1529
1529
1530
1529
1528
1528
1531
1525
1516
1944
1477
1519
1529
1529
1527
1529
1529
1529
1527
1526
1527
1528
1526
1528
1529
1528
1529
1528
1529
1529
1529
1529
1527
1528
1523
1527
1551
1528
1576
1519
1531
1527
1529
1528
1527
1527
1529
1528
1528
1526
1527
1528
1528
1529
1528
1529
1527
1528
1527
1528
1529
1529
1529
1525
1491
1663
1383
1536
1530
1529
1528
1527
1528
1528
1528
1528
1528
1527
1530
1528
1529
1527
1528
1528
1528
1528
1529
1526
1528
1527
1528
1536
1526
832
1669
1522
1526
1527
1528
1528
1528
1527
1528
1527
1527
1530
1527
1529
1527
1527
1527
1527
1528
1528
1527
1528
1528
1527
1529
1525
1541
1528
1506
1528
1531
1528
1528
1527
1528
1528
1527
1528
1527
1528
1528
1529
1527
1527
1528
1527
1528
1527
1527
1528
1527
1529
1527
1529
1544
1525
1520
1527
1526
1528
1528
1528
1527
1527
1527
1527
1529
1529
1528
1528
1527
1528
1527
1527
1528
1527
1527
1528
1526
1530
1531
1529
1518
1525
1356
1527
1527
1525
1529
1526
1527
1529
1526
1529
1527
1528
1528
1529
1529
1527
1527
1527
1527
1528
1526
1531
1525
1526
1522
1523
1509
1528
1528
1512
1527
1528
1526
1527
1530
1526
1529
1528
1528
1528
1527
1528
1528
1528
1529
1527
1527
1527
1526
1528
1525
1534
1529
1523
1528
1528
1528
1556
1498
1536
1535
1526
1528
1528
1527
1529
1527
1528
1528
1527
1529
1527
1529
1527
1527
1529
1524
1528
1517
1519
1507
1660
1528
1528
1528
1321
1562
1533
1543
1532
1542
1536
1536
1530
1536
1532
1532
1531
1533
1528
1529
1526
1528
1526
1523
1524
1527
1544
1551
1463
1528
1528
1528
1528
1415
1520
1536
1529
1537
1539
1537
1539
1541
1533
1544
1534
1543
1535
1537
1532
1537
1514
1541
1553
1486
1553
1602
1528
1528
1528
1528
1528
1528
1497
1556
1529
1535
1531
1526
1542
1527
1533
1544
1529
1542
1533
1546
1546
1537
1526
1562
1510
1869
1528
1528
1528
1528
1543
1528
1528
1528
1528
1528
1528
1528
1528
1528
1528
1528
1528
1533
1530
1518
1528
1528
1528
1528
1528
1528
1528
1528
1528
1528
1528
1528
1528
1528
1528
1528
1528
2479
1189
1577
1536
1530
1526
1528
1532
1524
1527
1535
1527
1531
1526
1523
1530
1523
1530
1497
1565
1528
1528
1528
1528
1528
1528
2358
1737
1534
1534
1514
1535
1533
1527
1531
1529
1531
1528
1528
1529
1530
1528
1532
1528
1533
1527
1535
1506
1553
1446
1528
1528
1528
1528
1155
1462
1585
1527
1531
1526
1528
1528
1529
1529
1527
1531
1527
1529
1527
1527
1527
1527
1529
1529
1530
1539
1529
1519
1523
1528
1528
1613
1599
1557
1524
1533
1530
1528
1532
1530
1531
1530
1529
1529
1528
1528
1527
1526
1527
1527
1528
1528
1527
1527
1533
1526
1543
1658
1528
1528
1554
1516
1533
1527
1526
1528
1526
1528
1525
1527
1529
1527
1531
1529
1530
1531
1530
1529
1528
1527
1526
1524
1526
1532
1532
1475
1528
1748
1507
1533
1528
1530
1529
1527
1528
1528
1528
1528
1529
1529
1528
1531
1528
1530
1526
1530
1527
1529
1529
1529
1523
1531
1526
1549
1462
1532
1534
1526
1525
1530
1526
1529
1530
1529
1529
1529
1527
1528
1527
1529
1527
1527
1530
1525
1529
1529
1527
1531
1530
1523
1528
1517
1540
1523
1532
1526
1534
1527
1530
1531
1527
1529
1529
1528
1529
1529
1528
1528
1529
1526
1528
1530
1527
1528
1530
1529
1530
1527
1527
1565
1511
1528
1523
1532
1524
1529
1529
1529
1531
1530
1529
1529
1528
1527
1528
1527
1528
1529
1527
1528
1530
1530
1528
1532
1531
1522
1540
1504
1539
1535
1533
1520
1534
1528
1531
1529
1529
1529
1531
1530
1530
1527
1525
1526
1527
1528
1529
1531
1529
1531
1532
1532
1528
1525
1517
1591
1541
1529
1526
1528
1524
1528
1530
1530
1531
1530
1529
1531
1532
1531
1528
1525
1527
1529
1530
1529
1530
1529
1531
1531
1536
1536
1546
1498
1519
1529
1528
1529
1532
1532
1528
1527
1527
1529
1529
1530
1532
1531
1529
1529
1528
1530
1529
1530
1528
1531
1527
1530
1526
1531
1539
1539
1579
1550
1524
1531
1528
1525
1527
1528
1528
1529
1526
1527
1534
1530
1527
1531
1529
1527
1528
1528
1529
1527
1528
1526
1523
1529
1539
1514
1541
1518
1530
1526
1523
1528
1526
1526
1527
1526
1525
1531
1530
1529
1531
1527
1529
1528
1526
1527
1527
1528
1525
1527
1529
1523
1527
1480
1530
1524
1548
1528
1533
1527
1526
1529
1527
1528
1526
1529
1529
1532
1530
1528
1529
1526
1528
1528
1527
1528
1529
1527
1529
1536
1518
1539
1516
1524
1506
1531
1525
1529
1530
1528
1528
1526
1528
1530
1531
1530
1528
1529
1529
1527
1525
1527
1527
1528
1525
1531
1526
1526
1528
1525
1528
1487
1548
1527
1534
1528
1526
1528
1528
1530
1528
1530
1532
1528
1530
1528
1529
1528
1527
1527
1528
1527
1528
1527
1534
1523
1525
1547
1521
1578
1517
1525
1526
1530
1529
1529
1528
1530
1532
1532
1528
1527
1528
1528
1527
1527
1528
1527
1529
1527
1529
1526
1525
1527
1530
1520
1399
1516
1540
1527
1530
1527
1527
1527
1530
1531
1531
1529
1529
1524
1528
1528
1529
1528
1528
1527
1527
1526
1528
1530
1528
1525
1525
1554
1528
1521
1533
1523
1526
1529
1525
1530
1529
1527
1529
1527
1530
1527
1526
1529
1527
1527
1527
1526
1527
1528
1529
1527
1526
1526
1528
1455
1504
1543
1531
1528
1526
1527
1529
1529
1528
1529
1528
1528
1527
1528
1527
1527
1529
1527
1529
1528
1529
1524
1531
1526
1526
1525
1521
1502
1505
1548
1525
1528
1527
1530
1531
1529
1527
1526
1529
1531
1530
1529
1529
1526
1527
1527
1527
1526
1526
1529
1526
1526
1523
1537
1516
1481
1528
1528
1535
1533
1527
1523
1529
1525
1529
1527
1527
1529
1531
1533
1530
1532
1529
1531
1530
1529
1529
1531
1527
1531
1531
1520
1486
1528
1528
1528
1565
1522
1530
1520
1528
1527
1530
1529
1530
1529
1529
1528
1530
1528
1534
1527
1532
1535
1532
1531
1525
1538
1520
1525
1124
1528
1528
1528
1393
1528
1533
1518
1531
1526
1524
1524
1525
1525
1523
1524
1526
1527
1524
1529
1524
1524
1530
1524
1535
1522
1534
1519
1880
1528
1528
1528
1528
1634
1501
1540
1521
1527
1529
1529
1527
1530
1528
1530
1527
1529
1530
1529
1532
1529
1526
1534
1523
1541
1560
1562
1528
1528
1528
1528
1528
1528
1432
1541
1528
1532
1520
1530
1521
1528
1528
1526
1529
1529
1528
1529
1528
1526
1525
1529
1533
1537
1528
1528
1528
1528
1516
1528
1528
1528
1528
1528
1528
1528
1528
1528
1528
1528
1528
1521
1520
1536
1529
1528
1528
1528
1528
1528
1528
1528
1528
1528
1528
1528
1528
1528
1528
1528
1528
1705
1488
1544
1517
1528
1527
1525
1529
1527
1525
1532
1525
1529
1528
1523
1528
1527
1522
1516
1541
1528
1528
1528
1528
1528
1528
1175
1457
1548
1487
1536
1525
1527
1534
1527
1529
1527
1526
1527
1528
1527
1527
1529
1526
1529
1528
1528
1522
1539
1503
1528
1528
1528
1528
1656
1533
1528
1529
1525
1532
1528
1530
1528
1529
1528
1528
1529
1526
1527
1527
1528
1526
1528
1527
1530
1528
1535
1526
1545
1528
1528
1599
1491
1509
1538
1527
1527
1529
1526
1528
1526
1529
1527
1528
1528
1530
1529
1530
1529
1529
1528
1527
1529
1526
1531
1527
1530
1496
1528
1528
1541
1534
1526
1525
1528
1529
1530
1530
1529
1532
1530
1530
1527
1526
1524
1526
1526
1528
1528
1528
1529
1526
1530
1530
1526
1599
1528
876
1508
1527
1528
1532
1527
1528
1527
1529
1528
1530
1528
1530
1530
1529
1531
1531
1532
1528
1529
1527
1526
1527
1525
1529
1527
1522
2016
1512
1541
1528
1525
1525
1526
1527
1527
1526
1527
1527
1529
1530
1533
1534
1533
1529
1528
1527
1528
1527
1527
1526
1527
1528
1528
1532
1444
1488
1518
1523
1531
1526
1528
1525
1529
1526
1527
1526
1528
1530
1530
1529
1530
1529
1529
1527
1528
1529
1528
1528
1527
1531
1527
1520
1561
1542
1522
1532
1524
1526
1528
1526
1526
1527
1528
1528
1528
1527
1528
1528
1527
1527
1528
1527
1529
1527
1527
1527
1528
1527
1526
1539
1480
1510
1532
1529
1525
1526
1529
1526
1530
1528
1530
1530
1528
1527
1527
1527
1529
1528
1529
1529
1527
1527
1528
1530
1525
1523
1531
1483
1559
1532
1525
1522
1526
1531
1525
1531
1531
1529
1529
1528
1529
1529
1527
1530
1528
1530
1528
1529
1531
1530
1529
1527
1532
1521
1524
1539
1466
1528
1523
1520
1523
1529
1533
1529
1528
1530
1530
1528
1527
1529
1528
1530
1529
1529
1529
1529
1528
1529
1533
1533
1531
1522
1517
1521
1482
1545
1516
1527
1537
1533
1528
1531
1531
1529
1529
1528
1529
1527
1530
1530
1530
1530
1530
1531
1529
1529
1528
1526
1526
1530
1525
1540
1489
1526
1524
1533
1528
1529
1530
1528
1528
1530
1529
1528
1530
1528
1531
1528
1528
1530
1529
1527
1527
1528
1527
1527
1526
1530
1528
1510
1514
1577
1509
1523
1528
1526
1527
1528
1528
1529
1529
1528
1529
1528
1527
1527
1530
1530
1528
1527
1528
1527
1527
1526
1530
1525
1535
1516
1522
1482
1532
1527
1529
1528
1528
1527
1529
1528
1531
1529
1529
1527
1527
1527
1531
1528
1527
1527
1528
1526
1529
1528
1525
1533
1525
1524
1528
1482
1520
1532
1524
1529
1527
1529
1529
1527
1528
1529
1529
1529
1526
1530
1528
1528
1528
1527
1528
1528
1527
1528
1529
1527
1529
1541
1646
1615
1529
1529
1527
1526
1531
1527
1527
1528
1528
1528
1527
1527
1529
1528
1528
1528
1527
1528
1528
1528
1529
1527
1526
1531
1527
1504
1654
1478
1523
1526
1531
1528
1527
1529
1528
1526
1526
1527
1527
1527
1527
1527
1528
1527
1528
1528
1527
1528
1530
1527
1528
1524
1530
1550
1528
1522
1529
1527
1524
1529
1528
1527
1528
1528
1527
1528
1526
1529
1527
1529
1528
1528
1527
1529
1528
1529
1528
1528
1528
1532
1525
1522
1486
1525
1529
1523
1530
1528
1528
1529
1528
1528
1528
1527
1528
1527
1527
1527
1528
1527
1528
1528
1529
1528
1528
1528
1529
1523
1516
1524
1488
1798
1526
1531
1530
1528
1529
1528
1528
1528
1528
1528
1528
1527
1528
1526
1529
1528
1528
1527
1527
1530
1526
1531
1529
1528
1542
1521
1528
1528
1528
1531
1522
1529
1528
1525
1529
1526
1527
1526
1527
1526
1528
1525
1527
1526
1527
1528
1526
1526
1533
1522
1531
1525
1501
1528
1528
1528
1520
1526
1530
1530
1523
1530
1527
1527
1527
1527
1527
1527
1526
1528
1526
1529
1526
1525
1533
1529
1528
1558
1541
1472
2010
1528
1528
1528
1768
1512
1497
1548
1525
1531
1530
1532
1536
1531
1537
1535
1533
1535
1542
1542
1550
1545
1546
1563
1528
1540
1496
1785
828
1528
1528
1528
1528
1694
1594
1513
1541
1525
1528
1529
1525
1525
1531
1524
1537
1523
1533
1523
1534
1523
1546
1514
1516
1577
2005
1532
1528
1528
1528
1528
1528
1528
1546
1508
1522
1531
1521
1525
1531
1522
1532
1510
1533
1517
1524
1513
1513
1510
1538
1491
1610
1176
1528
1528
1528
1528
1533
